0 0.16941 0.704155 0.102184 0.315269
0 0.751393 0.711712 0.0988285 0.330822
0 0.229584 0.701509 0.0678242 0.264257
0 0.949893 0.710542 0.0552473 0.258713
0 0.0529462 0.686505 0.0437893 0.238341
0 0.512542 0.708009 0.072618 0.273196
0 0.646699 0.716183 0.0847176 0.286917
0 0.403217 0.711633 0.0758391 0.30897
0 0.285199 0.680893 0.0534838 0.26204
26 0.636578 0.710673 0.0322594 0.0712945
0 0.897909 0.684458 0.0666809 0.22642
0 0.986549 0.699794 0.0261071 0.211264
0 0.596903 0.687088 0.0422644 0.260044
0 0.848603 0.67659 0.042477 0.225477
0 0.804905 0.687757 0.0693554 0.275339
0 0.465106 0.701465 0.0421782 0.24893
26 0.203602 0.775238 0.0345456 0.0934378
0 0.557746 0.68409 0.0492578 0.21257
