7 0.125067 0.634056 0.110536 0.0825642
26 0.685002 0.895264 0.0525795 0.125756
9 0.757852 0.241385 0.0285454 0.137225
9 0.925322 0.567264 0.029575 0.0919402
0 0.240167 0.890985 0.0679153 0.217849
0 0.850628 0.879275 0.0682246 0.214711
0 0.601445 0.918439 0.0633538 0.163121
0 0.434226 0.90754 0.0486851 0.18492
0 0.292602 0.820845 0.0401281 0.225707
0 0.0307374 0.854873 0.0603356 0.256947
0 0.720383 0.866247 0.0440626 0.267507
0 0.361545 0.882506 0.0804618 0.234988
0 0.646612 0.899022 0.0511238 0.201956
0 0.4859 0.93111 0.0556781 0.137781
0 0.100103 0.799232 0.0380329 0.177842
9 0.686026 0.310752 0.067473 0.059579
26 0.908913 0.855609 0.0303156 0.0757194
9 0.835704 0.563466 0.0163612 0.0993017
26 0.0498266 0.856837 0.0298761 0.0838345
26 0.83273 0.847334 0.0255993 0.0587386
26 0.0176246 0.868683 0.0348364 0.0894857
0 0.982248 0.802922 0.0347625 0.213199
5 0.0385977 0.637463 0.0650683 0.0575833
0 0.147951 0.791942 0.038039 0.175224
26 0.909125 0.837529 0.0306944 0.112183
9 0.08319 0.538955 0.00898278 0.0422012
0 0.681274 0.883068 0.0517241 0.217325
0 0.466661 0.857829 0.0399866 0.175553
0 0.918417 0.8838 0.0503911 0.232399
26 0.835129 0.84246 0.0323963 0.0655348
